(kicad_pcb (version 20171130) (host pcbnew "(5.1.6)-1")

  (general
    (thickness 1.6)
    (drawings 64)
    (tracks 1212)
    (zones 0)
    (modules 116)
    (nets 77)
  )

  (page A4)
  (layers
    (0 F.Cu signal)
    (31 B.Cu signal)
    (32 B.Adhes user)
    (33 F.Adhes user)
    (34 B.Paste user)
    (35 F.Paste user)
    (36 B.SilkS user)
    (37 F.SilkS user)
    (38 B.Mask user)
    (39 F.Mask user)
    (40 Dwgs.User user)
    (41 Cmts.User user)
    (42 Eco1.User user)
    (43 Eco2.User user)
    (44 Edge.Cuts user)
    (45 Margin user)
    (46 B.CrtYd user)
    (47 F.CrtYd user)
    (48 B.Fab user)
    (49 F.Fab user)
  )

  (setup
    (last_trace_width 0.25)
    (user_trace_width 0.4)
    (user_trace_width 0.6)
    (user_trace_width 0.8)
    (user_trace_width 0.4)
    (user_trace_width 0.6)
    (user_trace_width 0.8)
    (user_trace_width 0.4)
    (user_trace_width 0.6)
    (user_trace_width 0.8)
    (user_trace_width 0.4)
    (user_trace_width 0.5)
    (user_trace_width 0.6)
    (user_trace_width 0.8)
    (user_trace_width 1)
    (user_trace_width 0.4)
    (user_trace_width 0.5)
    (user_trace_width 0.6)
    (user_trace_width 0.8)
    (user_trace_width 1)
    (trace_clearance 0.2)
    (zone_clearance 0.508)
    (zone_45_only no)
    (trace_min 0.2)
    (via_size 0.8)
    (via_drill 0.4)
    (via_min_size 0.4)
    (via_min_drill 0.3)
    (user_via 0.6 0.3)
    (user_via 0.6 0.3)
    (user_via 0.6 0.3)
    (user_via 0.6 0.3)
    (user_via 0.6 0.3)
    (uvia_size 0.3)
    (uvia_drill 0.1)
    (uvias_allowed no)
    (uvia_min_size 0.2)
    (uvia_min_drill 0.1)
    (edge_width 0.05)
    (segment_width 0.2)
    (pcb_text_width 0.3)
    (pcb_text_size 1.5 1.5)
    (mod_edge_width 0.12)
    (mod_text_size 1 1)
    (mod_text_width 0.15)
    (pad_size 1.7 1.95)
    (pad_drill 0.85)
    (pad_to_mask_clearance 0.051)
    (solder_mask_min_width 0.25)
    (aux_axis_origin 0 0)
    (visible_elements 7FFFF7FF)
    (pcbplotparams
      (layerselection 0x010fc_ffffffff)
      (usegerberextensions false)
      (usegerberattributes false)
      (usegerberadvancedattributes false)
      (creategerberjobfile false)
      (excludeedgelayer true)
      (linewidth 0.100000)
      (plotframeref false)
      (viasonmask false)
      (mode 1)
      (useauxorigin false)
      (hpglpennumber 1)
      (hpglpenspeed 20)
      (hpglpendiameter 15.000000)
      (psnegative false)
      (psa4output false)
      (plotreference true)
      (plotvalue true)
      (plotinvisibletext false)
      (padsonsilk false)
      (subtractmaskfromsilk false)
      (outputformat 1)
      (mirror false)
      (drillshape 1)
      (scaleselection 1)
      (outputdirectory ""))
  )

  (net 0 "")
  (net 1 GND)
  (net 2 +5V)
  (net 3 +3V3)
  (net 4 GNDPWR)
  (net 5 NRST)
  (net 6 CAN_RD)
  (net 7 CAN_TD)
  (net 8 CAN_TXD)
  (net 9 CAN_RXD)
  (net 10 VCP_RX)
  (net 11 VCP_TX)
  (net 12 /SWDIO)
  (net 13 /SWCLK)
  (net 14 Solenoid_A2)
  (net 15 +12V)
  (net 16 Solenoid_C1)
  (net 17 Solenoid_C2)
  (net 18 Solenoid_C3)
  (net 19 Solenoid_A1)
  (net 20 Solenoid_A3)
  (net 21 Solenoid_A4)
  (net 22 Solenoid_B1)
  (net 23 Solenoid_B2)
  (net 24 Solenoid_B3)
  (net 25 Solenoid_B4)
  (net 26 Solenoid_A5)
  (net 27 Solenoid_A6)
  (net 28 Solenoid_B5)
  (net 29 Solenoid_B6)
  (net 30 VCC)
  (net 31 CAN+)
  (net 32 CAN-)
  (net 33 IC_A6)
  (net 34 IC_A5)
  (net 35 IC_A4)
  (net 36 IC_A3)
  (net 37 IC_A2)
  (net 38 IC_A1)
  (net 39 IC_B6)
  (net 40 IC_B5)
  (net 41 IC_B4)
  (net 42 IC_B3)
  (net 43 IC_B2)
  (net 44 IC_B1)
  (net 45 IC_C3)
  (net 46 IC_C2)
  (net 47 IC_C1)
  (net 48 /BOOT)
  (net 49 DIP_SW_2)
  (net 50 DIP_SW_1)
  (net 51 3.3V)
  (net 52 "Net-(Q3-Pad11)")
  (net 53 "Net-(Q3-Pad10)")
  (net 54 "Net-(Q3-Pad7)")
  (net 55 "Net-(Q3-Pad6)")
  (net 56 "Net-(S1-Pad4)")
  (net 57 "Net-(S1-Pad3)")
  (net 58 "Net-(S1-Pad6)")
  (net 59 "Net-(S1-Pad5)")
  (net 60 "Net-(Q1-Pad16)")
  (net 61 "Net-(Q1-Pad1)")
  (net 62 Solenoid_C5)
  (net 63 Solenoid_C4)
  (net 64 "Net-(Q2-Pad16)")
  (net 65 "Net-(Q2-Pad1)")
  (net 66 IC_C5)
  (net 67 IC_C4)
  (net 68 "Net-(J20-PadB9)")
  (net 69 "Net-(J20-PadA7)")
  (net 70 "Net-(J20-PadA6)")
  (net 71 "Net-(J20-PadA5)")
  (net 72 "Net-(J20-PadB7)")
  (net 73 "Net-(J20-PadB6)")
  (net 74 "Net-(J20-PadB5)")
  (net 75 "Net-(J20-PadB4)")
  (net 76 "Net-(J20-PadB3)")

  (net_class Default "これはデフォルトのネット クラスです。"
    (clearance 0.2)
    (trace_width 0.25)
    (via_dia 0.8)
    (via_drill 0.4)
    (uvia_dia 0.3)
    (uvia_drill 0.1)
    (add_net +12V)
    (add_net +3V3)
    (add_net +5V)
    (add_net /BOOT)
    (add_net /SWCLK)
    (add_net /SWDIO)
    (add_net 3.3V)
    (add_net CAN+)
    (add_net CAN-)
    (add_net CAN_RD)
    (add_net CAN_RXD)
    (add_net CAN_TD)
    (add_net CAN_TXD)
    (add_net DIP_SW_1)
    (add_net DIP_SW_2)
    (add_net GND)
    (add_net GNDPWR)
    (add_net IC_A1)
    (add_net IC_A2)
    (add_net IC_A3)
    (add_net IC_A4)
    (add_net IC_A5)
    (add_net IC_A6)
    (add_net IC_B1)
    (add_net IC_B2)
    (add_net IC_B3)
    (add_net IC_B4)
    (add_net IC_B5)
    (add_net IC_B6)
    (add_net IC_C1)
    (add_net IC_C2)
    (add_net IC_C3)
    (add_net IC_C4)
    (add_net IC_C5)
    (add_net NRST)
    (add_net "Net-(J20-PadA5)")
    (add_net "Net-(J20-PadA6)")
    (add_net "Net-(J20-PadA7)")
    (add_net "Net-(J20-PadB3)")
    (add_net "Net-(J20-PadB4)")
    (add_net "Net-(J20-PadB5)")
    (add_net "Net-(J20-PadB6)")
    (add_net "Net-(J20-PadB7)")
    (add_net "Net-(J20-PadB9)")
    (add_net "Net-(Q1-Pad1)")
    (add_net "Net-(Q1-Pad16)")
    (add_net "Net-(Q2-Pad1)")
    (add_net "Net-(Q2-Pad16)")
    (add_net "Net-(Q3-Pad10)")
    (add_net "Net-(Q3-Pad11)")
    (add_net "Net-(Q3-Pad6)")
    (add_net "Net-(Q3-Pad7)")
    (add_net "Net-(S1-Pad3)")
    (add_net "Net-(S1-Pad4)")
    (add_net "Net-(S1-Pad5)")
    (add_net "Net-(S1-Pad6)")
    (add_net Solenoid_A1)
    (add_net Solenoid_A2)
    (add_net Solenoid_A3)
    (add_net Solenoid_A4)
    (add_net Solenoid_A5)
    (add_net Solenoid_A6)
    (add_net Solenoid_B1)
    (add_net Solenoid_B2)
    (add_net Solenoid_B3)
    (add_net Solenoid_B4)
    (add_net Solenoid_B5)
    (add_net Solenoid_B6)
    (add_net Solenoid_C1)
    (add_net Solenoid_C2)
    (add_net Solenoid_C3)
    (add_net Solenoid_C4)
    (add_net Solenoid_C5)
    (add_net VCC)
    (add_net VCP_RX)
    (add_net VCP_TX)
  )

  (module Diode_SMD:D_2010_5025Metric_Pad1.52x2.65mm_HandSolder (layer B.Cu) (tedit 5B4B45C8) (tstamp 5EEF376A)
    (at 141.64 58.4525 270)
    (descr "Diode SMD 2010 (5025 Metric), square (rectangular) end terminal, IPC_7351 nominal, (Body size source: http://www.tortai-tech.com/upload/download/2011102023233369053.pdf), generated with kicad-footprint-generator")
    (tags "diode handsolder")
    (path /5DCA454A)
    (attr smd)
    (fp_text reference D2 (at 0 2.28 90) (layer B.SilkS)
      (effects (font (size 1 1) (thickness 0.15)) (justify mirror))
    )
    (fp_text value D (at 0 -2.28 90) (layer B.Fab)
      (effects (font (size 1 1) (thickness 0.15)) (justify mirror))
    )
    (fp_line (start 3.35 -1.58) (end -3.35 -1.58) (layer B.CrtYd) (width 0.05))
    (fp_line (start 3.35 1.58) (end 3.35 -1.58) (layer B.CrtYd) (width 0.05))
    (fp_line (start -3.35 1.58) (end 3.35 1.58) (layer B.CrtYd) (width 0.05))
    (fp_line (start -3.35 -1.58) (end -3.35 1.58) (layer B.CrtYd) (width 0.05))
    (fp_line (start -3.36 -1.585) (end 2.5 -1.585) (layer B.SilkS) (width 0.12))
    (fp_line (start -3.36 1.585) (end -3.36 -1.585) (layer B.SilkS) (width 0.12))
    (fp_line (start 2.5 1.585) (end -3.36 1.585) (layer B.SilkS) (width 0.12))
    (fp_line (start 2.5 -1.25) (end 2.5 1.25) (layer B.Fab) (width 0.1))
    (fp_line (start -2.5 -1.25) (end 2.5 -1.25) (layer B.Fab) (width 0.1))
    (fp_line (start -2.5 0.625) (end -2.5 -1.25) (layer B.Fab) (width 0.1))
    (fp_line (start -1.875 1.25) (end -2.5 0.625) (layer B.Fab) (width 0.1))
    (fp_line (start 2.5 1.25) (end -1.875 1.25) (layer B.Fab) (width 0.1))
    (fp_text user %R (at 0 0 90) (layer B.Fab)
      (effects (font (size 1 1) (thickness 0.15)) (justify mirror))
    )
    (pad 1 smd roundrect (at -2.3375 0 270) (size 1.525 2.65) (layers B.Cu B.Paste B.Mask) (roundrect_rratio 0.163934)
      (net 15 +12V))
    (pad 2 smd roundrect (at 2.3375 0 270) (size 1.525 2.65) (layers B.Cu B.Paste B.Mask) (roundrect_rratio 0.163934)
      (net 25 Solenoid_B4))
    (model ${KISYS3DMOD}/Diode_SMD.3dshapes/D_2010_5025Metric.wrl
      (at (xyz 0 0 0))
      (scale (xyz 1 1 1))
      (rotate (xyz 0 0 0))
    )
  )

  (module Diode_SMD:D_2010_5025Metric_Pad1.52x2.65mm_HandSolder (layer B.Cu) (tedit 5B4B45C8) (tstamp 5EEF3734)
    (at 150.53 58.4525 270)
    (descr "Diode SMD 2010 (5025 Metric), square (rectangular) end terminal, IPC_7351 nominal, (Body size source: http://www.tortai-tech.com/upload/download/2011102023233369053.pdf), generated with kicad-footprint-generator")
    (tags "diode handsolder")
    (path /5DCA2D76)
    (attr smd)
    (fp_text reference D5 (at 0 2.28 90) (layer B.SilkS)
      (effects (font (size 1 1) (thickness 0.15)) (justify mirror))
    )
    (fp_text value D (at 0 -2.28 90) (layer B.Fab)
      (effects (font (size 1 1) (thickness 0.15)) (justify mirror))
    )
    (fp_line (start 3.35 -1.58) (end -3.35 -1.58) (layer B.CrtYd) (width 0.05))
    (fp_line (start 3.35 1.58) (end 3.35 -1.58) (layer B.CrtYd) (width 0.05))
    (fp_line (start -3.35 1.58) (end 3.35 1.58) (layer B.CrtYd) (width 0.05))
    (fp_line (start -3.35 -1.58) (end -3.35 1.58) (layer B.CrtYd) (width 0.05))
    (fp_line (start -3.36 -1.585) (end 2.5 -1.585) (layer B.SilkS) (width 0.12))
    (fp_line (start -3.36 1.585) (end -3.36 -1.585) (layer B.SilkS) (width 0.12))
    (fp_line (start 2.5 1.585) (end -3.36 1.585) (layer B.SilkS) (width 0.12))
    (fp_line (start 2.5 -1.25) (end 2.5 1.25) (layer B.Fab) (width 0.1))
    (fp_line (start -2.5 -1.25) (end 2.5 -1.25) (layer B.Fab) (width 0.1))
    (fp_line (start -2.5 0.625) (end -2.5 -1.25) (layer B.Fab) (width 0.1))
    (fp_line (start -1.875 1.25) (end -2.5 0.625) (layer B.Fab) (width 0.1))
    (fp_line (start 2.5 1.25) (end -1.875 1.25) (layer B.Fab) (width 0.1))
    (fp_text user %R (at 0 0 90) (layer B.Fab)
      (effects (font (size 1 1) (thickness 0.15)) (justify mirror))
    )
    (pad 1 smd roundrect (at -2.3375 0 270) (size 1.525 2.65) (layers B.Cu B.Paste B.Mask) (roundrect_rratio 0.163934)
      (net 15 +12V))
    (pad 2 smd roundrect (at 2.3375 0 270) (size 1.525 2.65) (layers B.Cu B.Paste B.Mask) (roundrect_rratio 0.163934)
      (net 24 Solenoid_B3))
    (model ${KISYS3DMOD}/Diode_SMD.3dshapes/D_2010_5025Metric.wrl
      (at (xyz 0 0 0))
      (scale (xyz 1 1 1))
      (rotate (xyz 0 0 0))
    )
  )

  (module Capacitor_SMD:C_0805_2012Metric_Pad1.15x1.40mm_HandSolder (layer B.Cu) (tedit 5B36C52B) (tstamp 5EEF3702)
    (at 202.025 41.8 180)
    (descr "Capacitor SMD 0805 (2012 Metric), square (rectangular) end terminal, IPC_7351 nominal with elongated pad for handsoldering. (Body size source: https://docs.google.com/spreadsheets/d/1BsfQQcO9C6DZCsRaXUlFlo91Tg2WpOkGARC1WS5S8t0/edit?usp=sharing), generated with kicad-footprint-generator")
    (tags "capacitor handsolder")
    (path /5D5F66CE)
    (attr smd)
    (fp_text reference C6 (at 0 1.65) (layer B.SilkS)
      (effects (font (size 1 1) (thickness 0.15)) (justify mirror))
    )
    (fp_text value 0.1u (at 0 -1.65) (layer B.Fab)
      (effects (font (size 1 1) (thickness 0.15)) (justify mirror))
    )
    (fp_line (start -1 -0.6) (end -1 0.6) (layer B.Fab) (width 0.1))
    (fp_line (start -1 0.6) (end 1 0.6) (layer B.Fab) (width 0.1))
    (fp_line (start 1 0.6) (end 1 -0.6) (layer B.Fab) (width 0.1))
    (fp_line (start 1 -0.6) (end -1 -0.6) (layer B.Fab) (width 0.1))
    (fp_line (start -0.261252 0.71) (end 0.261252 0.71) (layer B.SilkS) (width 0.12))
    (fp_line (start -0.261252 -0.71) (end 0.261252 -0.71) (layer B.SilkS) (width 0.12))
    (fp_line (start -1.85 -0.95) (end -1.85 0.95) (layer B.CrtYd) (width 0.05))
    (fp_line (start -1.85 0.95) (end 1.85 0.95) (layer B.CrtYd) (width 0.05))
    (fp_line (start 1.85 0.95) (end 1.85 -0.95) (layer B.CrtYd) (width 0.05))
    (fp_line (start 1.85 -0.95) (end -1.85 -0.95) (layer B.CrtYd) (width 0.05))
    (fp_text user %R (at 0 0) (layer B.Fab)
      (effects (font (size 0.5 0.5) (thickness 0.08)) (justify mirror))
    )
    (pad 2 smd roundrect (at 1.025 0 180) (size 1.15 1.4) (layers B.Cu B.Paste B.Mask) (roundrect_rratio 0.217391)
      (net 2 +5V))
    (pad 1 smd roundrect (at -1.025 0 180) (size 1.15 1.4) (layers B.Cu B.Paste B.Mask) (roundrect_rratio 0.217391)
      (net 1 GND))
    (model ${KISYS3DMOD}/Capacitor_SMD.3dshapes/C_0805_2012Metric.wrl
      (at (xyz 0 0 0))
      (scale (xyz 1 1 1))
      (rotate (xyz 0 0 0))
    )
  )

  (module Capacitor_SMD:C_0805_2012Metric_Pad1.15x1.40mm_HandSolder (layer B.Cu) (tedit 5B36C52B) (tstamp 5EEF36D2)
    (at 193.5 46.1)
    (descr "Capacitor SMD 0805 (2012 Metric), square (rectangular) end terminal, IPC_7351 nominal with elongated pad for handsoldering. (Body size source: https://docs.google.com/spreadsheets/d/1BsfQQcO9C6DZCsRaXUlFlo91Tg2WpOkGARC1WS5S8t0/edit?usp=sharing), generated with kicad-footprint-generator")
    (tags "capacitor handsolder")
    (path /5D5FFC46)
    (attr smd)
    (fp_text reference C9 (at 0 1.65) (layer B.SilkS)
      (effects (font (size 1 1) (thickness 0.15)) (justify mirror))
    )
    (fp_text value 0.1u (at 0 -1.65) (layer B.Fab)
      (effects (font (size 1 1) (thickness 0.15)) (justify mirror))
    )
    (fp_line (start -1 -0.6) (end -1 0.6) (layer B.Fab) (width 0.1))
    (fp_line (start -1 0.6) (end 1 0.6) (layer B.Fab) (width 0.1))
    (fp_line (start 1 0.6) (end 1 -0.6) (layer B.Fab) (width 0.1))
    (fp_line (start 1 -0.6) (end -1 -0.6) (layer B.Fab) (width 0.1))
    (fp_line (start -0.261252 0.71) (end 0.261252 0.71) (layer B.SilkS) (width 0.12))
    (fp_line (start -0.261252 -0.71) (end 0.261252 -0.71) (layer B.SilkS) (width 0.12))
    (fp_line (start -1.85 -0.95) (end -1.85 0.95) (layer B.CrtYd) (width 0.05))
    (fp_line (start -1.85 0.95) (end 1.85 0.95) (layer B.CrtYd) (width 0.05))
    (fp_line (start 1.85 0.95) (end 1.85 -0.95) (layer B.CrtYd) (width 0.05))
    (fp_line (start 1.85 -0.95) (end -1.85 -0.95) (layer B.CrtYd) (width 0.05))
    (fp_text user %R (at 0 0) (layer B.Fab)
      (effects (font (size 0.5 0.5) (thickness 0.08)) (justify mirror))
    )
    (pad 2 smd roundrect (at 1.025 0) (size 1.15 1.4) (layers B.Cu B.Paste B.Mask) (roundrect_rratio 0.217391)
      (net 3 +3V3))
    (pad 1 smd roundrect (at -1.025 0) (size 1.15 1.4) (layers B.Cu B.Paste B.Mask) (roundrect_rratio 0.217391)
      (net 1 GND))
    (model ${KISYS3DMOD}/Capacitor_SMD.3dshapes/C_0805_2012Metric.wrl
      (at (xyz 0 0 0))
      (scale (xyz 1 1 1))
      (rotate (xyz 0 0 0))
    )
  )

  (module Capacitor_SMD:C_0805_2012Metric_Pad1.15x1.40mm_HandSolder (layer F.Cu) (tedit 5B36C52B) (tstamp 5EEF36A2)
    (at 202 39.5 180)
    (descr "Capacitor SMD 0805 (2012 Metric), square (rectangular) end terminal, IPC_7351 nominal with elongated pad for handsoldering. (Body size source: https://docs.google.com/spreadsheets/d/1BsfQQcO9C6DZCsRaXUlFlo91Tg2WpOkGARC1WS5S8t0/edit?usp=sharing), generated with kicad-footprint-generator")
    (tags "capacitor handsolder")
    (path /5DA7A5B9)
    (attr smd)
    (fp_text reference C4 (at 0 -1.65) (layer F.SilkS)
      (effects (font (size 1 1) (thickness 0.15)))
    )
    (fp_text value 1.0u (at 0 1.65) (layer F.Fab)
      (effects (font (size 1 1) (thickness 0.15)))
    )
    (fp_line (start -1 0.6) (end -1 -0.6) (layer F.Fab) (width 0.1))
    (fp_line (start -1 -0.6) (end 1 -0.6) (layer F.Fab) (width 0.1))
    (fp_line (start 1 -0.6) (end 1 0.6) (layer F.Fab) (width 0.1))
    (fp_line (start 1 0.6) (end -1 0.6) (layer F.Fab) (width 0.1))
    (fp_line (start -0.261252 -0.71) (end 0.261252 -0.71) (layer F.SilkS) (width 0.12))
    (fp_line (start -0.261252 0.71) (end 0.261252 0.71) (layer F.SilkS) (width 0.12))
    (fp_line (start -1.85 0.95) (end -1.85 -0.95) (layer F.CrtYd) (width 0.05))
    (fp_line (start -1.85 -0.95) (end 1.85 -0.95) (layer F.CrtYd) (width 0.05))
    (fp_line (start 1.85 -0.95) (end 1.85 0.95) (layer F.CrtYd) (width 0.05))
    (fp_line (start 1.85 0.95) (end -1.85 0.95) (layer F.CrtYd) (width 0.05))
    (fp_text user %R (at 0 0) (layer F.Fab)
      (effects (font (size 0.5 0.5) (thickness 0.08)))
    )
    (pad 2 smd roundrect (at 1.025 0 180) (size 1.15 1.4) (layers F.Cu F.Paste F.Mask) (roundrect_rratio 0.217391)
      (net 1 GND))
    (pad 1 smd roundrect (at -1.025 0 180) (size 1.15 1.4) (layers F.Cu F.Paste F.Mask) (roundrect_rratio 0.217391)
      (net 2 +5V))
    (model ${KISYS3DMOD}/Capacitor_SMD.3dshapes/C_0805_2012Metric.wrl
      (at (xyz 0 0 0))
      (scale (xyz 1 1 1))
      (rotate (xyz 0 0 0))
    )
  )

  (module Capacitor_SMD:C_0805_2012Metric_Pad1.15x1.40mm_HandSolder (layer F.Cu) (tedit 5B36C52B) (tstamp 5EEF3672)
    (at 201.1 46.9 180)
    (descr "Capacitor SMD 0805 (2012 Metric), square (rectangular) end terminal, IPC_7351 nominal with elongated pad for handsoldering. (Body size source: https://docs.google.com/spreadsheets/d/1BsfQQcO9C6DZCsRaXUlFlo91Tg2WpOkGARC1WS5S8t0/edit?usp=sharing), generated with kicad-footprint-generator")
    (tags "capacitor handsolder")
    (path /5DA788D5)
    (attr smd)
    (fp_text reference C5 (at 0 -1.65) (layer F.SilkS)
      (effects (font (size 1 1) (thickness 0.15)))
    )
    (fp_text value 2.2u (at 0 1.65) (layer F.Fab)
      (effects (font (size 1 1) (thickness 0.15)))
    )
    (fp_line (start 1.85 0.95) (end -1.85 0.95) (layer F.CrtYd) (width 0.05))
    (fp_line (start 1.85 -0.95) (end 1.85 0.95) (layer F.CrtYd) (width 0.05))
    (fp_line (start -1.85 -0.95) (end 1.85 -0.95) (layer F.CrtYd) (width 0.05))
    (fp_line (start -1.85 0.95) (end -1.85 -0.95) (layer F.CrtYd) (width 0.05))
    (fp_line (start -0.261252 0.71) (end 0.261252 0.71) (layer F.SilkS) (width 0.12))
    (fp_line (start -0.261252 -0.71) (end 0.261252 -0.71) (layer F.SilkS) (width 0.12))
    (fp_line (start 1 0.6) (end -1 0.6) (layer F.Fab) (width 0.1))
    (fp_line (start 1 -0.6) (end 1 0.6) (layer F.Fab) (width 0.1))
    (fp_line (start -1 -0.6) (end 1 -0.6) (layer F.Fab) (width 0.1))
    (fp_line (start -1 0.6) (end -1 -0.6) (layer F.Fab) (width 0.1))
    (fp_text user %R (at 0 0) (layer F.Fab)
      (effects (font (size 0.5 0.5) (thickness 0.08)))
    )
    (pad 1 smd roundrect (at -1.025 0 180) (size 1.15 1.4) (layers F.Cu F.Paste F.Mask) (roundrect_rratio 0.217391)
      (net 1 GND))
    (pad 2 smd roundrect (at 1.025 0 180) (size 1.15 1.4) (layers F.Cu F.Paste F.Mask) (roundrect_rratio 0.217391)
      (net 3 +3V3))
    (model ${KISYS3DMOD}/Capacitor_SMD.3dshapes/C_0805_2012Metric.wrl
      (at (xyz 0 0 0))
      (scale (xyz 1 1 1))
      (rotate (xyz 0 0 0))
    )
  )

  (module Capacitor_SMD:C_0805_2012Metric_Pad1.15x1.40mm_HandSolder (layer B.Cu) (tedit 5B36C52B) (tstamp 5EEF3642)
    (at 186.575 40.5)
    (descr "Capacitor SMD 0805 (2012 Metric), square (rectangular) end terminal, IPC_7351 nominal with elongated pad for handsoldering. (Body size source: https://docs.google.com/spreadsheets/d/1BsfQQcO9C6DZCsRaXUlFlo91Tg2WpOkGARC1WS5S8t0/edit?usp=sharing), generated with kicad-footprint-generator")
    (tags "capacitor handsolder")
    (path /5DFB45B2)
    (attr smd)
    (fp_text reference C7 (at 0 1.65) (layer B.SilkS)
      (effects (font (size 1 1) (thickness 0.15)) (justify mirror))
    )
    (fp_text value 1.0u (at 0 -1.65) (layer B.Fab)
      (effects (font (size 1 1) (thickness 0.15)) (justify mirror))
    )
    (fp_line (start 1.85 -0.95) (end -1.85 -0.95) (layer B.CrtYd) (width 0.05))
    (fp_line (start 1.85 0.95) (end 1.85 -0.95) (layer B.CrtYd) (width 0.05))
    (fp_line (start -1.85 0.95) (end 1.85 0.95) (layer B.CrtYd) (width 0.05))
    (fp_line (start -1.85 -0.95) (end -1.85 0.95) (layer B.CrtYd) (width 0.05))
    (fp_line (start -0.261252 -0.71) (end 0.261252 -0.71) (layer B.SilkS) (width 0.12))
    (fp_line (start -0.261252 0.71) (end 0.261252 0.71) (layer B.SilkS) (width 0.12))
    (fp_line (start 1 -0.6) (end -1 -0.6) (layer B.Fab) (width 0.1))
    (fp_line (start 1 0.6) (end 1 -0.6) (layer B.Fab) (width 0.1))
    (fp_line (start -1 0.6) (end 1 0.6) (layer B.Fab) (width 0.1))
    (fp_line (start -1 -0.6) (end -1 0.6) (layer B.Fab) (width 0.1))
    (fp_text user %R (at 0 0) (layer B.Fab)
      (effects (font (size 0.5 0.5) (thickness 0.08)) (justify mirror))
    )
    (pad 1 smd roundrect (at -1.025 0) (size 1.15 1.4) (layers B.Cu B.Paste B.Mask) (roundrect_rratio 0.217391)
      (net 15 +12V))
    (pad 2 smd roundrect (at 1.025 0) (size 1.15 1.4) (layers B.Cu B.Paste B.Mask) (roundrect_rratio 0.217391)
      (net 4 GNDPWR))
    (model ${KISYS3DMOD}/Capacitor_SMD.3dshapes/C_0805_2012Metric.wrl
      (at (xyz 0 0 0))
      (scale (xyz 1 1 1))
      (rotate (xyz 0 0 0))
    )
  )

  (module Diode_SMD:D_2010_5025Metric_Pad1.52x2.65mm_HandSolder (layer B.Cu) (tedit 5B4B45C8) (tstamp 5EEF360E)
    (at 150.53 43.2125 270)
    (descr "Diode SMD 2010 (5025 Metric), square (rectangular) end terminal, IPC_7351 nominal, (Body size source: http://www.tortai-tech.com/upload/download/2011102023233369053.pdf), generated with kicad-footprint-generator")
    (tags "diode handsolder")
    (path /5DCD29E2)
    (attr smd)
    (fp_text reference D18 (at 0 2.28 90) (layer B.SilkS)
      (effects (font (size 1 1) (thickness 0.15)) (justify mirror))
    )
    (fp_text value D (at 0 -2.28 90) (layer B.Fab)
      (effects (font (size 1 1) (thickness 0.15)) (justify mirror))
    )
    (fp_line (start 3.35 -1.58) (end -3.35 -1.58) (layer B.CrtYd) (width 0.05))
    (fp_line (start 3.35 1.58) (end 3.35 -1.58) (layer B.CrtYd) (width 0.05))
    (fp_line (start -3.35 1.58) (end 3.35 1.58) (layer B.CrtYd) (width 0.05))
    (fp_line (start -3.35 -1.58) (end -3.35 1.58) (layer B.CrtYd) (width 0.05))
    (fp_line (start -3.36 -1.585) (end 2.5 -1.585) (layer B.SilkS) (width 0.12))
    (fp_line (start -3.36 1.585) (end -3.36 -1.585) (layer B.SilkS) (width 0.12))
    (fp_line (start 2.5 1.585) (end -3.36 1.585) (layer B.SilkS) (width 0.12))
    (fp_line (start 2.5 -1.25) (end 2.5 1.25) (layer B.Fab) (width 0.1))
    (fp_line (start -2.5 -1.25) (end 2.5 -1.25) (layer B.Fab) (width 0.1))
    (fp_line (start -2.5 0.625) (end -2.5 -1.25) (layer B.Fab) (width 0.1))
    (fp_line (start -1.875 1.25) (end -2.5 0.625) (layer B.Fab) (width 0.1))
    (fp_line (start 2.5 1.25) (end -1.875 1.25) (layer B.Fab) (width 0.1))
    (fp_text user %R (at 0 0 90) (layer B.Fab)
      (effects (font (size 1 1) (thickness 0.15)) (justify mirror))
    )
    (pad 1 smd roundrect (at -2.3375 0 270) (size 1.525 2.65) (layers B.Cu B.Paste B.Mask) (roundrect_rratio 0.163934)
      (net 15 +12V))
    (pad 2 smd roundrect (at 2.3375 0 270) (size 1.525 2.65) (layers B.Cu B.Paste B.Mask) (roundrect_rratio 0.163934)
      (net 17 Solenoid_C2))
    (model ${KISYS3DMOD}/Diode_SMD.3dshapes/D_2010_5025Metric.wrl
      (at (xyz 0 0 0))
      (scale (xyz 1 1 1))
      (rotate (xyz 0 0 0))
    )
  )

  (module Capacitor_SMD:C_0805_2012Metric_Pad1.15x1.40mm_HandSolder (layer B.Cu) (tedit 5B36C52B) (tstamp 5EEF35DC)
    (at 197.125 54.9)
    (descr "Capacitor SMD 0805 (2012 Metric), square (rectangular) end terminal, IPC_7351 nominal with elongated pad for handsoldering. (Body size source: https://docs.google.com/spreadsheets/d/1BsfQQcO9C6DZCsRaXUlFlo91Tg2WpOkGARC1WS5S8t0/edit?usp=sharing), generated with kicad-footprint-generator")
    (tags "capacitor handsolder")
    (path /5D5F70AF)
    (attr smd)
    (fp_text reference C1 (at 0 1.65) (layer B.SilkS)
      (effects (font (size 1 1) (thickness 0.15)) (justify mirror))
    )
    (fp_text value 0.1u (at 0 -1.65) (layer B.Fab)
      (effects (font (size 1 1) (thickness 0.15)) (justify mirror))
    )
    (fp_line (start 1.85 -0.95) (end -1.85 -0.95) (layer B.CrtYd) (width 0.05))
    (fp_line (start 1.85 0.95) (end 1.85 -0.95) (layer B.CrtYd) (width 0.05))
    (fp_line (start -1.85 0.95) (end 1.85 0.95) (layer B.CrtYd) (width 0.05))
    (fp_line (start -1.85 -0.95) (end -1.85 0.95) (layer B.CrtYd) (width 0.05))
    (fp_line (start -0.261252 -0.71) (end 0.261252 -0.71) (layer B.SilkS) (width 0.12))
    (fp_line (start -0.261252 0.71) (end 0.261252 0.71) (layer B.SilkS) (width 0.12))
    (fp_line (start 1 -0.6) (end -1 -0.6) (layer B.Fab) (width 0.1))
    (fp_line (start 1 0.6) (end 1 -0.6) (layer B.Fab) (width 0.1))
    (fp_line (start -1 0.6) (end 1 0.6) (layer B.Fab) (width 0.1))
    (fp_line (start -1 -0.6) (end -1 0.6) (layer B.Fab) (width 0.1))
    (fp_text user %R (at 0 0) (layer B.Fab)
      (effects (font (size 0.5 0.5) (thickness 0.08)) (justify mirror))
    )
    (pad 1 smd roundrect (at -1.025 0) (size 1.15 1.4) (layers B.Cu B.Paste B.Mask) (roundrect_rratio 0.217391)
      (net 4 GNDPWR))
    (pad 2 smd roundrect (at 1.025 0) (size 1.15 1.4) (layers B.Cu B.Paste B.Mask) (roundrect_rratio 0.217391)
      (net 51 3.3V))
    (model ${KISYS3DMOD}/Capacitor_SMD.3dshapes/C_0805_2012Metric.wrl
      (at (xyz 0 0 0))
      (scale (xyz 1 1 1))
      (rotate (xyz 0 0 0))
    )
  )

  (module Capacitor_SMD:C_0805_2012Metric_Pad1.15x1.40mm_HandSolder (layer B.Cu) (tedit 5B36C52B) (tstamp 5EEF35AC)
    (at 189.6 48.5)
    (descr "Capacitor SMD 0805 (2012 Metric), square (rectangular) end terminal, IPC_7351 nominal with elongated pad for handsoldering. (Body size source: https://docs.google.com/spreadsheets/d/1BsfQQcO9C6DZCsRaXUlFlo91Tg2WpOkGARC1WS5S8t0/edit?usp=sharing), generated with kicad-footprint-generator")
    (tags "capacitor handsolder")
    (path /5DFBA8D5)
    (attr smd)
    (fp_text reference C8 (at 0 1.65) (layer B.SilkS)
      (effects (font (size 1 1) (thickness 0.15)) (justify mirror))
    )
    (fp_text value 4.7u (at 0 -1.65) (layer B.Fab)
      (effects (font (size 1 1) (thickness 0.15)) (justify mirror))
    )
    (fp_line (start 1.85 -0.95) (end -1.85 -0.95) (layer B.CrtYd) (width 0.05))
    (fp_line (start 1.85 0.95) (end 1.85 -0.95) (layer B.CrtYd) (width 0.05))
    (fp_line (start -1.85 0.95) (end 1.85 0.95) (layer B.CrtYd) (width 0.05))
    (fp_line (start -1.85 -0.95) (end -1.85 0.95) (layer B.CrtYd) (width 0.05))
    (fp_line (start -0.261252 -0.71) (end 0.261252 -0.71) (layer B.SilkS) (width 0.12))
    (fp_line (start -0.261252 0.71) (end 0.261252 0.71) (layer B.SilkS) (width 0.12))
    (fp_line (start 1 -0.6) (end -1 -0.6) (layer B.Fab) (width 0.1))
    (fp_line (start 1 0.6) (end 1 -0.6) (layer B.Fab) (width 0.1))
    (fp_line (start -1 0.6) (end 1 0.6) (layer B.Fab) (width 0.1))
    (fp_line (start -1 -0.6) (end -1 0.6) (layer B.Fab) (width 0.1))
    (fp_text user %R (at 0 0) (layer B.Fab)
      (effects (font (size 0.5 0.5) (thickness 0.08)) (justify mirror))
    )
    (pad 1 smd roundrect (at -1.025 0) (size 1.15 1.4) (layers B.Cu B.Paste B.Mask) (roundrect_rratio 0.217391)
      (net 51 3.3V))
    (pad 2 smd roundrect (at 1.025 0) (size 1.15 1.4) (layers B.Cu B.Paste B.Mask) (roundrect_rratio 0.217391)
      (net 4 GNDPWR))
    (model ${KISYS3DMOD}/Capacitor_SMD.3dshapes/C_0805_2012Metric.wrl
      (at (xyz 0 0 0))
      (scale (xyz 1 1 1))
      (rotate (xyz 0 0 0))
    )
  )

  (module Diode_SMD:D_2010_5025Metric_Pad1.52x2.65mm_HandSolder (layer B.Cu) (tedit 5B4B45C8) (tstamp 5EEF3578)
    (at 141.64 43.2125 270)
    (descr "Diode SMD 2010 (5025 Metric), square (rectangular) end terminal, IPC_7351 nominal, (Body size source: http://www.tortai-tech.com/upload/download/2011102023233369053.pdf), generated with kicad-footprint-generator")
    (tags "diode handsolder")
    (path /5DCD29C9)
    (attr smd)
    (fp_text reference D14 (at 0 2.28 90) (layer B.SilkS)
      (effects (font (size 1 1) (thickness 0.15)) (justify mirror))
    )
    (fp_text value D (at 0 -2.28 90) (layer B.Fab)
      (effects (font (size 1 1) (thickness 0.15)) (justify mirror))
    )
    (fp_line (start 3.35 -1.58) (end -3.35 -1.58) (layer B.CrtYd) (width 0.05))
    (fp_line (start 3.35 1.58) (end 3.35 -1.58) (layer B.CrtYd) (width 0.05))
    (fp_line (start -3.35 1.58) (end 3.35 1.58) (layer B.CrtYd) (width 0.05))
    (fp_line (start -3.35 -1.58) (end -3.35 1.58) (layer B.CrtYd) (width 0.05))
    (fp_line (start -3.36 -1.585) (end 2.5 -1.585) (layer B.SilkS) (width 0.12))
    (fp_line (start -3.36 1.585) (end -3.36 -1.585) (layer B.SilkS) (width 0.12))
    (fp_line (start 2.5 1.585) (end -3.36 1.585) (layer B.SilkS) (width 0.12))
    (fp_line (start 2.5 -1.25) (end 2.5 1.25) (layer B.Fab) (width 0.1))
    (fp_line (start -2.5 -1.25) (end 2.5 -1.25) (layer B.Fab) (width 0.1))
    (fp_line (start -2.5 0.625) (end -2.5 -1.25) (layer B.Fab) (width 0.1))
    (fp_line (start -1.875 1.25) (end -2.5 0.625) (layer B.Fab) (width 0.1))
    (fp_line (start 2.5 1.25) (end -1.875 1.25) (layer B.Fab) (width 0.1))
    (fp_text user %R (at 0 0 90) (layer B.Fab)
      (effects (font (size 1 1) (thickness 0.15)) (justify mirror))
    )
    (pad 1 smd roundrect (at -2.3375 0 270) (size 1.525 2.65) (layers B.Cu B.Paste B.Mask) (roundrect_rratio 0.163934)
      (net 15 +12V))
    (pad 2 smd roundrect (at 2.3375 0 270) (size 1.525 2.65) (layers B.Cu B.Paste B.Mask) (roundrect_rratio 0.163934)
      (net 18 Solenoid_C3))
    (model ${KISYS3DMOD}/Diode_SMD.3dshapes/D_2010_5025Metric.wrl
      (at (xyz 0 0 0))
      (scale (xyz 1 1 1))
      (rotate (xyz 0 0 0))
    )
  )

  (module Diode_SMD:D_2010_5025Metric_Pad1.52x2.65mm_HandSolder (layer B.Cu) (tedit 5B4B45C8) (tstamp 5EEF3542)
    (at 159.42 43.2125 270)
    (descr "Diode SMD 2010 (5025 Metric), square (rectangular) end terminal, IPC_7351 nominal, (Body size source: http://www.tortai-tech.com/upload/download/2011102023233369053.pdf), generated with kicad-footprint-generator")
    (tags "diode handsolder")
    (path /5DCD297E)
    (attr smd)
    (fp_text reference D16 (at 0 2.28 90) (layer B.SilkS)
      (effects (font (size 1 1) (thickness 0.15)) (justify mirror))
    )
    (fp_text value D (at 0 -2.28 90) (layer B.Fab)
      (effects (font (size 1 1) (thickness 0.15)) (justify mirror))
    )
    (fp_line (start 3.35 -1.58) (end -3.35 -1.58) (layer B.CrtYd) (width 0.05))
    (fp_line (start 3.35 1.58) (end 3.35 -1.58) (layer B.CrtYd) (width 0.05))
    (fp_line (start -3.35 1.58) (end 3.35 1.58) (layer B.CrtYd) (width 0.05))
    (fp_line (start -3.35 -1.58) (end -3.35 1.58) (layer B.CrtYd) (width 0.05))
    (fp_line (start -3.36 -1.585) (end 2.5 -1.585) (layer B.SilkS) (width 0.12))
    (fp_line (start -3.36 1.585) (end -3.36 -1.585) (layer B.SilkS) (width 0.12))
    (fp_line (start 2.5 1.585) (end -3.36 1.585) (layer B.SilkS) (width 0.12))
    (fp_line (start 2.5 -1.25) (end 2.5 1.25) (layer B.Fab) (width 0.1))
    (fp_line (start -2.5 -1.25) (end 2.5 -1.25) (layer B.Fab) (width 0.1))
    (fp_line (start -2.5 0.625) (end -2.5 -1.25) (layer B.Fab) (width 0.1))
    (fp_line (start -1.875 1.25) (end -2.5 0.625) (layer B.Fab) (width 0.1))
    (fp_line (start 2.5 1.25) (end -1.875 1.25) (layer B.Fab) (width 0.1))
    (fp_text user %R (at 0 0 90) (layer B.Fab)
      (effects (font (size 1 1) (thickness 0.15)) (justify mirror))
    )
    (pad 1 smd roundrect (at -2.3375 0 270) (size 1.525 2.65) (layers B.Cu B.Paste B.Mask) (roundrect_rratio 0.163934)
      (net 15 +12V))
    (pad 2 smd roundrect (at 2.3375 0 270) (size 1.525 2.65) (layers B.Cu B.Paste B.Mask) (roundrect_rratio 0.163934)
      (net 16 Solenoid_C1))
    (model ${KISYS3DMOD}/Diode_SMD.3dshapes/D_2010_5025Metric.wrl
      (at (xyz 0 0 0))
      (scale (xyz 1 1 1))
      (rotate (xyz 0 0 0))
    )
  )

  (module Diode_SMD:D_2010_5025Metric_Pad1.52x2.65mm_HandSolder (layer B.Cu) (tedit 5B4B45C8) (tstamp 5EEF350C)
    (at 159.42 58.4525 270)
    (descr "Diode SMD 2010 (5025 Metric), square (rectangular) end terminal, IPC_7351 nominal, (Body size source: http://www.tortai-tech.com/upload/download/2011102023233369053.pdf), generated with kicad-footprint-generator")
    (tags "diode handsolder")
    (path /5DC6D1AC)
    (attr smd)
    (fp_text reference D3 (at 0 2.28 90) (layer B.SilkS)
      (effects (font (size 1 1) (thickness 0.15)) (justify mirror))
    )
    (fp_text value D (at 0 -2.28 90) (layer B.Fab)
      (effects (font (size 1 1) (thickness 0.15)) (justify mirror))
    )
    (fp_line (start 3.35 -1.58) (end -3.35 -1.58) (layer B.CrtYd) (width 0.05))
    (fp_line (start 3.35 1.58) (end 3.35 -1.58) (layer B.CrtYd) (width 0.05))
    (fp_line (start -3.35 1.58) (end 3.35 1.58) (layer B.CrtYd) (width 0.05))
    (fp_line (start -3.35 -1.58) (end -3.35 1.58) (layer B.CrtYd) (width 0.05))
    (fp_line (start -3.36 -1.585) (end 2.5 -1.585) (layer B.SilkS) (width 0.12))
    (fp_line (start -3.36 1.585) (end -3.36 -1.585) (layer B.SilkS) (width 0.12))
    (fp_line (start 2.5 1.585) (end -3.36 1.585) (layer B.SilkS) (width 0.12))
    (fp_line (start 2.5 -1.25) (end 2.5 1.25) (layer B.Fab) (width 0.1))
    (fp_line (start -2.5 -1.25) (end 2.5 -1.25) (layer B.Fab) (width 0.1))
    (fp_line (start -2.5 0.625) (end -2.5 -1.25) (layer B.Fab) (width 0.1))
    (fp_line (start -1.875 1.25) (end -2.5 0.625) (layer B.Fab) (width 0.1))
    (fp_line (start 2.5 1.25) (end -1.875 1.25) (layer B.Fab) (width 0.1))
    (fp_text user %R (at 0 0 90) (layer B.Fab)
      (effects (font (size 1 1) (thickness 0.15)) (justify mirror))
    )
    (pad 1 smd roundrect (at -2.3375 0 270) (size 1.525 2.65) (layers B.Cu B.Paste B.Mask) (roundrect_rratio 0.163934)
      (net 15 +12V))
    (pad 2 smd roundrect (at 2.3375 0 270) (size 1.525 2.65) (layers B.Cu B.Paste B.Mask) (roundrect_rratio 0.163934)
      (net 23 Solenoid_B2))
    (model ${KISYS3DMOD}/Diode_SMD.3dshapes/D_2010_5025Metric.wrl
      (at (xyz 0 0 0))
      (scale (xyz 1 1 1))
      (rotate (xyz 0 0 0))
    )
  )

  (module Diode_SMD:D_2010_5025Metric_Pad1.52x2.65mm_HandSolder (layer B.Cu) (tedit 5B4B45C8) (tstamp 5EEF34D6)
    (at 123.86 73.6925 270)
    (descr "Diode SMD 2010 (5025 Metric), square (rectangular) end terminal, IPC_7351 nominal, (Body size source: http://www.tortai-tech.com/upload/download/2011102023233369053.pdf), generated with kicad-footprint-generator")
    (tags "diode handsolder")
    (path /5DCC0C68)
    (attr smd)
    (fp_text reference D9 (at 0 2.28 90) (layer B.SilkS)
      (effects (font (size 1 1) (thickness 0.15)) (justify mirror))
    )
    (fp_text value D (at 0 -2.28 90) (layer B.Fab)
      (effects (font (size 1 1) (thickness 0.15)) (justify mirror))
    )
    (fp_line (start 3.35 -1.58) (end -3.35 -1.58) (layer B.CrtYd) (width 0.05))
    (fp_line (start 3.35 1.58) (end 3.35 -1.58) (layer B.CrtYd) (width 0.05))
    (fp_line (start -3.35 1.58) (end 3.35 1.58) (layer B.CrtYd) (width 0.05))
    (fp_line (start -3.35 -1.58) (end -3.35 1.58) (layer B.CrtYd) (width 0.05))
    (fp_line (start -3.36 -1.585) (end 2.5 -1.585) (layer B.SilkS) (width 0.12))
    (fp_line (start -3.36 1.585) (end -3.36 -1.585) (layer B.SilkS) (width 0.12))
    (fp_line (start 2.5 1.585) (end -3.36 1.585) (layer B.SilkS) (width 0.12))
    (fp_line (start 2.5 -1.25) (end 2.5 1.25) (layer B.Fab) (width 0.1))
    (fp_line (start -2.5 -1.25) (end 2.5 -1.25) (layer B.Fab) (width 0.1))
    (fp_line (start -2.5 0.625) (end -2.5 -1.25) (layer B.Fab) (width 0.1))
    (fp_line (start -1.875 1.25) (end -2.5 0.625) (layer B.Fab) (width 0.1))
    (fp_line (start 2.5 1.25) (end -1.875 1.25) (layer B.Fab) (width 0.1))
    (fp_text user %R (at 0 0 90) (layer B.Fab)
      (effects (font (size 1 1) (thickness 0.15)) (justify mirror))
    )
    (pad 1 smd roundrect (at -2.3375 0 270) (size 1.525 2.65) (layers B.Cu B.Paste B.Mask) (roundrect_rratio 0.163934)
      (net 15 +12V))
    (pad 2 smd roundrect (at 2.3375 0 270) (size 1.525 2.65) (layers B.Cu B.Paste B.Mask) (roundrect_rratio 0.163934)
      (net 27 Solenoid_A6))
    (model ${KISYS3DMOD}/Diode_SMD.3dshapes/D_2010_5025Metric.wrl
      (at (xyz 0 0 0))
      (scale (xyz 1 1 1))
      (rotate (xyz 0 0 0))
    )
  )

  (module Capacitor_SMD:C_0805_2012Metric_Pad1.15x1.40mm_HandSolder (layer B.Cu) (tedit 5B36C52B) (tstamp 5EEF34A4)
    (at 181.1 39.4)
    (descr "Capacitor SMD 0805 (2012 Metric), square (rectangular) end terminal, IPC_7351 nominal with elongated pad for handsoldering. (Body size source: https://docs.google.com/spreadsheets/d/1BsfQQcO9C6DZCsRaXUlFlo91Tg2WpOkGARC1WS5S8t0/edit?usp=sharing), generated with kicad-footprint-generator")
    (tags "capacitor handsolder")
    (path /5DF8A297)
    (attr smd)
    (fp_text reference C3 (at 0 1.65) (layer B.SilkS)
      (effects (font (size 1 1) (thickness 0.15)) (justify mirror))
    )
    (fp_text value 0.1u (at 0 -1.65) (layer B.Fab)
      (effects (font (size 1 1) (thickness 0.15)) (justify mirror))
    )
    (fp_line (start 1.85 -0.95) (end -1.85 -0.95) (layer B.CrtYd) (width 0.05))
    (fp_line (start 1.85 0.95) (end 1.85 -0.95) (layer B.CrtYd) (width 0.05))
    (fp_line (start -1.85 0.95) (end 1.85 0.95) (layer B.CrtYd) (width 0.05))
    (fp_line (start -1.85 -0.95) (end -1.85 0.95) (layer B.CrtYd) (width 0.05))
    (fp_line (start -0.261252 -0.71) (end 0.261252 -0.71) (layer B.SilkS) (width 0.12))
    (fp_line (start -0.261252 0.71) (end 0.261252 0.71) (layer B.SilkS) (width 0.12))
    (fp_line (start 1 -0.6) (end -1 -0.6) (layer B.Fab) (width 0.1))
    (fp_line (start 1 0.6) (end 1 -0.6) (layer B.Fab) (width 0.1))
    (fp_line (start -1 0.6) (end 1 0.6) (layer B.Fab) (width 0.1))
    (fp_line (start -1 -0.6) (end -1 0.6) (layer B.Fab) (width 0.1))
    (fp_text user %R (at 0 0) (layer B.Fab)
      (effects (font (size 0.5 0.5) (thickness 0.08)) (justify mirror))
    )
    (pad 1 smd roundrect (at -1.025 0) (size 1.15 1.4) (layers B.Cu B.Paste B.Mask) (roundrect_rratio 0.217391)
      (net 15 +12V))
    (pad 2 smd roundrect (at 1.025 0) (size 1.15 1.4) (layers B.Cu B.Paste B.Mask) (roundrect_rratio 0.217391)
      (net 4 GNDPWR))
    (model ${KISYS3DMOD}/Capacitor_SMD.3dshapes/C_0805_2012Metric.wrl
      (at (xyz 0 0 0))
      (scale (xyz 1 1 1))
      (rotate (xyz 0 0 0))
    )
  )

  (module Diode_SMD:D_2010_5025Metric_Pad1.52x2.65mm_HandSolder (layer B.Cu) (tedit 5B4B45C8) (tstamp 5EEF3470)
    (at 168.31 58.4525 270)
    (descr "Diode SMD 2010 (5025 Metric), square (rectangular) end terminal, IPC_7351 nominal, (Body size source: http://www.tortai-tech.com/upload/download/2011102023233369053.pdf), generated with kicad-footprint-generator")
    (tags "diode handsolder")
    (path /5DCA5845)
    (attr smd)
    (fp_text reference D1 (at 0 2.28 90) (layer B.SilkS)
      (effects (font (size 1 1) (thickness 0.15)) (justify mirror))
    )
    (fp_text value D (at 0 -2.28 90) (layer B.Fab)
      (effects (font (size 1 1) (thickness 0.15)) (justify mirror))
    )
    (fp_line (start 3.35 -1.58) (end -3.35 -1.58) (layer B.CrtYd) (width 0.05))
    (fp_line (start 3.35 1.58) (end 3.35 -1.58) (layer B.CrtYd) (width 0.05))
    (fp_line (start -3.35 1.58) (end 3.35 1.58) (layer B.CrtYd) (width 0.05))
    (fp_line (start -3.35 -1.58) (end -3.35 1.58) (layer B.CrtYd) (width 0.05))
    (fp_line (start -3.36 -1.585) (end 2.5 -1.585) (layer B.SilkS) (width 0.12))
    (fp_line (start -3.36 1.585) (end -3.36 -1.585) (layer B.SilkS) (width 0.12))
    (fp_line (start 2.5 1.585) (end -3.36 1.585) (layer B.SilkS) (width 0.12))
    (fp_line (start 2.5 -1.25) (end 2.5 1.25) (layer B.Fab) (width 0.1))
    (fp_line (start -2.5 -1.25) (end 2.5 -1.25) (layer B.Fab) (width 0.1))
    (fp_line (start -2.5 0.625) (end -2.5 -1.25) (layer B.Fab) (width 0.1))
    (fp_line (start -1.875 1.25) (end -2.5 0.625) (layer B.Fab) (width 0.1))
    (fp_line (start 2.5 1.25) (end -1.875 1.25) (layer B.Fab) (width 0.1))
    (fp_text user %R (at 0 0 90) (layer B.Fab)
      (effects (font (size 1 1) (thickness 0.15)) (justify mirror))
    )
    (pad 1 smd roundrect (at -2.3375 0 270) (size 1.525 2.65) (layers B.Cu B.Paste B.Mask) (roundrect_rratio 0.163934)
      (net 15 +12V))
